Tiles/FE7/OverworldRegular
10 10
Test/160_64/0/0/0,0,0,0,0,0,0,0,0,0,0/none Test/160_64/0/0/0,0,0,0,0,0,0,0,0,0,0/none Test/160_64/0/0/0,0,0,0,0,0,0,0,0,0,0/none Test/160_64/0/0/0,0,0,0,0,0,0,0,0,0,0/none Test/160_64/0/0/0,0,0,0,0,0,0,0,0,0,0/none Test/160_64/0/0/0,0,0,0,0,0,0,0,0,0,0/none Test/256_400/0/0/0,0,0,0,0,0,0,0,0,0,0/none Test/160_64/0/0/0,0,0,0,0,0,0,0,0,0,0/none Test/256_400/0/0/0,0,0,0,0,0,0,0,0,0,0/none Test/160_64/0/0/0,0,0,0,0,0,0,0,0,0,0/none 
Test/160_64/0/0/0,0,0,0,0,0,0,0,0,0,0/none Test/48_64/0/0/0,0,0,0,0,0,0,0,0,0,0/none Test/48_64/0/0/0,0,0,0,0,0,0,0,0,0,0/none Test/160_64/0/0/0,0,0,0,0,0,0,0,0,0,0/none Test/256_416/0/0/0,0,0,0,0,0,0,0,0,0,0/none Test/160_64/0/0/0,0,0,0,0,0,0,0,0,0,0/none Test/160_64/0/0/0,0,0,0,0,0,0,0,0,0,0/none Test/160_64/0/0/0,0,0,0,0,0,0,0,0,0,0/none Test/160_64/0/0/0,0,0,0,0,0,0,0,0,0,0/none Test/48_64/0/0/0,0,0,0,0,0,0,0,0,0,0/none 
Test/48_64/0/0/0,0,0,0,0,0,0,0,0,0,0/none Test/160_64/0/0/0,0,0,0,0,0,0,0,0,0,0/none Test/160_64/0/0/0,0,0,0,0,0,0,0,0,0,0/none Test/160_64/0/0/0,0,0,0,0,0,0,0,0,0,0/none Test/208_400/0/0/0,0,0,0,0,0,0,0,0,0,0/none Test/48_64/0/0/0,0,0,0,0,0,0,0,0,0,0/none Test/240_432/0/0/0,0,0,0,0,0,0,0,0,0,0/none Test/256_432/0/0/0,0,0,0,0,0,0,0,0,0,0/none Test/256_400/0/0/0,0,0,0,0,0,0,0,0,0,0/none Test/160_64/0/0/0,0,0,0,0,0,0,0,0,0,0/none 
Test/160_64/0/0/0,0,0,0,0,0,0,0,0,0,0/none Test/240_352/0/0/0,0,0,0,0,0,0,0,0,0,0/none Test/48_64/0/0/0,0,0,0,0,0,0,0,0,0,0/none Test/160_64/0/0/0,0,0,0,0,0,0,0,0,0,0/none Test/256_464/0/0/0,0,0,0,0,0,0,0,0,0,0/none Test/160_64/0/0/0,0,0,0,0,0,0,0,0,0,0/none Test/240_448/0/0/0,0,0,0,0,0,0,0,0,0,0/none Test/208_400/0/0/0,0,0,0,0,0,0,0,0,0,0/none Test/256_416/0/0/0,0,0,0,0,0,0,0,0,0,0/none Test/160_64/0/0/0,0,0,0,0,0,0,0,0,0,0/none 
Test/160_64/0/0/0,0,0,0,0,0,0,0,0,0,0/none Test/160_64/0/0/0,0,0,0,0,0,0,0,0,0,0/none Test/160_64/0/0/0,0,0,0,0,0,0,0,0,0,0/none Test/160_64/0/0/0,0,0,0,0,0,0,0,0,0,0/none Test/160_64/0/0/0,0,0,0,0,0,0,0,0,0,0/none Test/160_64/0/0/0,0,0,0,0,0,0,0,0,0,0/none Test/240_464/0/0/0,0,0,0,0,0,0,0,0,0,0/none Test/256_464/0/0/0,0,0,0,0,0,0,0,0,0,0/none Test/272_464/0/0/0,0,0,0,0,0,0,0,0,0,0/none Test/160_64/0/0/0,0,0,0,0,0,0,0,0,0,0/none 
Test/160_64/0/0/0,0,0,0,0,0,0,0,0,0,0/none Test/160_64/0/0/0,0,0,0,0,0,0,0,0,0,0/none Test/96_400/0/0/0,0,0,0,0,0,0,0,0,0,0/none Test/112_400/0/0/0,0,0,0,0,0,0,0,0,0,0/none Test/128_400/0/0/0,0,0,0,0,0,0,0,0,0,0/none Test/256_400/0/0/0,0,0,0,0,0,0,0,0,0,0/none Test/160_64/0/0/0,0,0,0,0,0,0,0,0,0,0/none Test/48_64/0/0/0,0,0,0,0,0,0,0,0,0,0/none Test/160_64/0/0/0,0,0,0,0,0,0,0,0,0,0/none Test/240_352/0/0/0,0,0,0,0,0,0,0,0,0,0/none 
Test/240_352/0/0/0,0,0,0,0,0,0,0,0,0,0/none Test/48_64/0/0/0,0,0,0,0,0,0,0,0,0,0/none Test/96_416/0/0/0,0,0,0,0,0,0,0,0,0,0/none Test/112_416/0/0/0,0,0,0,0,0,0,0,0,0,0/none Test/128_416/0/0/0,0,0,0,0,0,0,0,0,0,0/none Test/160_64/0/0/0,0,0,0,0,0,0,0,0,0,0/none Test/160_64/0/0/0,0,0,0,0,0,0,0,0,0,0/none Test/256_400/0/0/0,0,0,0,0,0,0,0,0,0,0/none Test/160_64/0/0/0,0,0,0,0,0,0,0,0,0,0/none Test/160_64/0/0/0,0,0,0,0,0,0,0,0,0,0/none 
Test/240_352/0/0/0,0,0,0,0,0,0,0,0,0,0/none Test/160_64/0/0/0,0,0,0,0,0,0,0,0,0,0/none Test/96_432/0/0/0,0,0,0,0,0,0,0,0,0,0/none Test/112_432/0/0/0,0,0,0,0,0,0,0,0,0,0/none Test/128_432/0/0/0,0,0,0,0,0,0,0,0,0,0/none Test/160_64/0/0/0,0,0,0,0,0,0,0,0,0,0/none Test/48_64/0/0/0,0,0,0,0,0,0,0,0,0,0/none Test/160_64/0/0/0,0,0,0,0,0,0,0,0,0,0/none Test/160_64/0/0/0,0,0,0,0,0,0,0,0,0,0/none Test/160_64/0/0/0,0,0,0,0,0,0,0,0,0,0/none 
Test/160_64/0/0/0,0,0,0,0,0,0,0,0,0,0/none Test/160_64/0/0/0,0,0,0,0,0,0,0,0,0,0/none Test/128_160/0/0/0,0,0,0,0,0,0,0,0,0,0/none Test/144_160/0/0/0,0,0,0,0,0,0,0,0,0,0/none Test/160_64/0/0/0,0,0,0,0,0,0,0,0,0,0/none Test/160_64/0/0/0,0,0,0,0,0,0,0,0,0,0/none Test/160_64/0/0/0,0,0,0,0,0,0,0,0,0,0/none Test/160_64/0/0/0,0,0,0,0,0,0,0,0,0,0/none Test/240_352/0/0/0,0,0,0,0,0,0,0,0,0,0/none Test/160_64/0/0/0,0,0,0,0,0,0,0,0,0,0/none 
Test/160_64/0/0/0,0,0,0,0,0,0,0,0,0,0/none Test/160_192/0/0/0,0,0,0,0,0,0,0,0,0,0/none Test/144_144/0/0/0,0,0,0,0,0,0,0,0,0,0/none Test/160_112/0/0/0,0,0,0,0,0,0,0,0,0,0/none Test/144_96/0/0/0,0,0,0,0,0,0,0,0,0,0/none Test/160_96/0/0/0,0,0,0,0,0,0,0,0,0,0/none Test/160_64/0/0/0,0,0,0,0,0,0,0,0,0,0/none Test/160_64/0/0/0,0,0,0,0,0,0,0,0,0,0/none Test/0_32/0/0/0,0,0,0,0,0,0,0,0,0,0/none Test/160_64/0/0/0,0,0,0,0,0,0,0,0,0,0/none 
