Tiles/FE7/Snow
10 10
Test/0_0/0/0/1,1,1,1,1,1,1,1,1,1,1/none Test/0_0/0/0/1,1,1,1,1,1,1,1,1,1,1/none Test/0_0/0/0/1,1,1,1,1,1,1,1,1,1,1/none Test/0_0/0/0/1,1,1,1,1,1,1,1,1,1,1/none Test/0_0/0/0/1,1,1,1,1,1,1,1,1,1,1/none Test/0_0/0/0/1,1,1,1,1,1,1,1,1,1,1/none Test/0_0/0/0/1,1,1,1,1,1,1,1,1,1,1/none Test/0_0/0/0/1,1,1,1,1,1,1,1,1,1,1/none Test/0_0/0/0/1,1,1,1,1,1,1,1,1,1,1/none Test/0_0/0/0/1,1,1,1,1,1,1,1,1,1,1/none 
Test/0_0/0/0/1,1,1,1,1,1,1,1,1,1,1/none Test/0_0/0/0/1,1,1,1,1,1,1,1,1,1,1/none Test/0_0/0/0/1,1,1,1,1,1,1,1,1,1,1/none Test/0_0/0/0/1,1,1,1,1,1,1,1,1,1,1/none Test/0_0/0/0/1,1,1,1,1,1,1,1,1,1,1/none Test/0_0/0/0/1,1,1,1,1,1,1,1,1,1,1/none Test/0_0/0/0/1,1,1,1,1,1,1,1,1,1,1/none Test/0_0/0/0/1,1,1,1,1,1,1,1,1,1,1/none Test/0_0/0/0/1,1,1,1,1,1,1,1,1,1,1/none Test/0_0/0/0/1,1,1,1,1,1,1,1,1,1,1/none 
Test/0_0/0/0/1,1,1,1,1,1,1,1,1,1,1/none Test/0_0/0/0/1,1,1,1,1,1,1,1,1,1,1/none Test/0_0/0/0/1,1,1,1,1,1,1,1,1,1,1/none Test/0_0/0/0/1,1,1,1,1,1,1,1,1,1,1/none Test/0_0/0/0/1,1,1,1,1,1,1,1,1,1,1/none Test/0_0/0/0/1,1,1,1,1,1,1,1,1,1,1/none Test/0_0/0/0/1,1,1,1,1,1,1,1,1,1,1/none Test/0_0/0/0/1,1,1,1,1,1,1,1,1,1,1/none Test/0_0/0/0/1,1,1,1,1,1,1,1,1,1,1/none Test/0_0/0/0/1,1,1,1,1,1,1,1,1,1,1/none 
Test/0_0/0/0/1,1,1,1,1,1,1,1,1,1,1/none Test/0_0/0/0/1,1,1,1,1,1,1,1,1,1,1/none Test/0_0/0/0/1,1,1,1,1,1,1,1,1,1,1/none Test/0_0/0/0/1,1,1,1,1,1,1,1,1,1,1/none Test/144_64/0/0/1,1,1,1,1,1,1,1,1,1,1/none Test/160_64/0/0/1,1,1,1,1,1,1,1,1,1,1/none Test/0_0/0/0/1,1,1,1,1,1,1,1,1,1,1/none Test/0_0/0/0/1,1,1,1,1,1,1,1,1,1,1/none Test/0_0/0/0/1,1,1,1,1,1,1,1,1,1,1/none Test/0_0/0/0/1,1,1,1,1,1,1,1,1,1,1/none 
Test/0_0/0/0/1,1,1,1,1,1,1,1,1,1,1/none Test/0_0/0/0/1,1,1,1,1,1,1,1,1,1,1/none Test/0_0/0/0/1,1,1,1,1,1,1,1,1,1,1/none Test/0_0/0/0/1,1,1,1,1,1,1,1,1,1,1/none Test/144_80/0/0/1,1,1,1,1,1,1,1,1,1,1/none Test/160_80/0/0/1,1,1,1,1,1,1,1,1,1,1/none Test/0_0/0/0/1,1,1,1,1,1,1,1,1,1,1/none Test/0_0/0/0/1,1,1,1,1,1,1,1,1,1,1/none Test/0_0/0/0/1,1,1,1,1,1,1,1,1,1,1/none Test/0_0/0/0/1,1,1,1,1,1,1,1,1,1,1/none 
Test/0_0/0/0/1,1,1,1,1,1,1,1,1,1,1/none Test/0_0/0/0/1,1,1,1,1,1,1,1,1,1,1/none Test/0_0/0/0/1,1,1,1,1,1,1,1,1,1,1/none Test/0_0/0/0/1,1,1,1,1,1,1,1,1,1,1/none Test/0_0/0/0/1,1,1,1,1,1,1,1,1,1,1/none Test/0_0/0/0/1,1,1,1,1,1,1,1,1,1,1/none Test/0_0/0/0/1,1,1,1,1,1,1,1,1,1,1/none Test/0_0/0/0/1,1,1,1,1,1,1,1,1,1,1/none Test/0_0/0/0/1,1,1,1,1,1,1,1,1,1,1/none Test/0_0/0/0/1,1,1,1,1,1,1,1,1,1,1/none 
Test/0_0/0/0/1,1,1,1,1,1,1,1,1,1,1/none Test/0_0/0/0/1,1,1,1,1,1,1,1,1,1,1/none Test/0_0/0/0/1,1,1,1,1,1,1,1,1,1,1/none Test/0_0/0/0/1,1,1,1,1,1,1,1,1,1,1/none Test/0_0/0/0/1,1,1,1,1,1,1,1,1,1,1/none Test/0_0/0/0/1,1,1,1,1,1,1,1,1,1,1/none Test/0_0/0/0/1,1,1,1,1,1,1,1,1,1,1/none Test/0_0/0/0/1,1,1,1,1,1,1,1,1,1,1/none Test/0_0/0/0/1,1,1,1,1,1,1,1,1,1,1/none Test/0_0/0/0/1,1,1,1,1,1,1,1,1,1,1/none 
Test/0_0/0/0/1,1,1,1,1,1,1,1,1,1,1/none Test/0_0/0/0/1,1,1,1,1,1,1,1,1,1,1/none Test/0_0/0/0/1,1,1,1,1,1,1,1,1,1,1/none Test/0_0/0/0/1,1,1,1,1,1,1,1,1,1,1/none Test/0_0/0/0/1,1,1,1,1,1,1,1,1,1,1/none Test/0_0/0/0/1,1,1,1,1,1,1,1,1,1,1/none Test/0_0/0/0/1,1,1,1,1,1,1,1,1,1,1/none Test/0_0/0/0/1,1,1,1,1,1,1,1,1,1,1/none Test/0_0/0/0/1,1,1,1,1,1,1,1,1,1,1/none Test/0_0/0/0/1,1,1,1,1,1,1,1,1,1,1/none 
Test/0_0/0/0/1,1,1,1,1,1,1,1,1,1,1/none Test/0_0/0/0/1,1,1,1,1,1,1,1,1,1,1/none Test/0_0/0/0/1,1,1,1,1,1,1,1,1,1,1/none Test/0_0/0/0/1,1,1,1,1,1,1,1,1,1,1/none Test/0_0/0/0/1,1,1,1,1,1,1,1,1,1,1/none Test/0_0/0/0/1,1,1,1,1,1,1,1,1,1,1/none Test/0_0/0/0/1,1,1,1,1,1,1,1,1,1,1/none Test/0_0/0/0/1,1,1,1,1,1,1,1,1,1,1/none Test/0_0/0/0/1,1,1,1,1,1,1,1,1,1,1/none Test/0_0/0/0/1,1,1,1,1,1,1,1,1,1,1/none 
Test/0_0/0/0/1,1,1,1,1,1,1,1,1,1,1/none Test/0_0/0/0/1,1,1,1,1,1,1,1,1,1,1/none Test/0_0/0/0/1,1,1,1,1,1,1,1,1,1,1/none Test/0_0/0/0/1,1,1,1,1,1,1,1,1,1,1/none Test/0_0/0/0/1,1,1,1,1,1,1,1,1,1,1/none Test/0_0/0/0/1,1,1,1,1,1,1,1,1,1,1/none Test/0_0/0/0/1,1,1,1,1,1,1,1,1,1,1/none Test/0_0/0/0/1,1,1,1,1,1,1,1,1,1,1/none Test/0_0/0/0/1,1,1,1,1,1,1,1,1,1,1/none Test/0_0/0/0/1,1,1,1,1,1,1,1,1,1,1/none 
